"_Imputation_","RowName","Prm6","Prm7","Prm1","Prm2","Prm3","Prm4","Prm5"
1,"Prm6",0.200095494169981,0.21291679381992,-0.0058218361325874,-0.00296574644562197,-0.00408551425033567,4.61751705709001e-06,0.000107858739062786
1,"Prm7",0.21291679381992,0.241969634825261,-0.00671402119210247,-0.00312736066674064,-0.00672089988787221,-3.80585036541519e-05,0.000129621857131288
1,"Prm1",-0.0058218361325874,-0.00671402119210247,0.000686472372542701,9.12029748833461e-05,0.00079139173634732,-9.0661094142516e-05,-1.19055242937585e-05
1,"Prm2",-0.00296574644562197,-0.00312736066674064,9.12029748833461e-05,4.90044199315065e-05,-3.78786200971273e-05,6.30302195258169e-06,-1.90040796971858e-06
1,"Prm3",-0.00408551425033567,-0.00672089988787221,0.00079139173634732,-3.78786200971273e-05,0.0141378411953149,-0.00080869736869613,-4.59793062328855e-06
1,"Prm4",4.61751705709001e-06,-3.80585036541519e-05,-9.0661094142516e-05,6.30302195258169e-06,-0.00080869736869613,0.000116844205706042,-4.48266032001372e-08
1,"Prm5",0.000107858739062786,0.000129621857131288,-1.19055242937585e-05,-1.90040796971858e-06,-4.59793062328855e-06,-4.48266032001372e-08,2.62239387149503e-07
2,"Prm6",0.183312557412075,0.192619193213272,-0.0049713540660711,-0.00274672207688597,-0.00539382661570649,-2.51642152307371e-05,9.67249747928142e-05
2,"Prm7",0.192619193213272,0.218298168351398,-0.00568295642145426,-0.00285009513798885,-0.00649280808723316,-0.000245247670852082,0.000114354304777754
2,"Prm1",-0.0049713540660711,-0.00568295642145426,0.000585278099403166,8.2256229122475e-05,0.000413121122143909,-5.87793209432344e-05,-1.05764486702612e-05
2,"Prm2",-0.00274672207688597,-0.00285009513798885,8.2256229122475e-05,4.60275239314404e-05,-5.3908095440334e-06,4.61421459287768e-06,-1.74247225476353e-06
2,"Prm3",-0.00539382661570649,-0.00649280808723316,0.000413121122143909,-5.3908095440334e-06,0.012102495288692,-0.000546304126077324,-3.98781919245992e-06
2,"Prm4",-2.51642152307371e-05,-0.000245247670852082,-5.87793209432344e-05,4.61421459287768e-06,-0.000546304126077324,9.81271914770712e-05,-2.46636266142771e-07
2,"Prm5",9.67249747928142e-05,0.000114354304777754,-1.05764486702612e-05,-1.74247225476353e-06,-3.98781919245992e-06,-2.46636266142771e-07,2.39986798071937e-07
3,"Prm6",0.185958785150989,0.202021262116154,-0.00551436905297314,-0.00281289418343098,-0.00193609504716145,-0.000203494457512818,0.000104611165903112
3,"Prm7",0.202021262116154,0.240970801374906,-0.00681947931750928,-0.00300866007874419,-0.0042129506104342,-0.000336329746128882,0.000133676691988163
3,"Prm1",-0.00551436905297314,-0.00681947931750928,0.000605341858986506,8.90525522329082e-05,0.000555473379929117,-5.60325540546053e-05,-1.05416405915275e-05
3,"Prm2",-0.00281289418343098,-0.00300866007874419,8.90525522329082e-05,4.76115198743053e-05,-7.02811308472102e-05,8.74062398711575e-06,-1.87444006846243e-06
3,"Prm3",-0.00193609504716145,-0.0042129506104342,0.000555473379929117,-7.02811308472102e-05,0.0141011164360332,-0.000715030097629604,-2.63535195420665e-06
3,"Prm4",-0.000203494457512818,-0.000336329746128882,-5.60325540546053e-05,8.74062398711575e-06,-0.000715030097629604,0.000111903831651367,-5.03577888189105e-07
3,"Prm5",0.000104611165903112,0.000133676691988163,-1.05416405915275e-05,-1.87444006846243e-06,-2.63535195420665e-06,-5.03577888189105e-07,2.33642832464199e-07
4,"Prm6",0.212595657076789,0.227175466909064,-0.00735547304578702,-0.00313380203951,-0.00893906315503311,0.000142260774947219,0.000128725535701654
4,"Prm7",0.227175466909064,0.261237182917644,-0.00855121389232798,-0.00331143386914513,-0.0101183799047008,6.84013762227947e-05,0.000153910765487135
4,"Prm1",-0.00735547304578702,-0.00855121389232798,0.000795816550109461,0.000114673666708888,0.000497173804215431,-8.92524597197257e-05,-1.31561640421478e-05
4,"Prm2",-0.00313380203951,-0.00331143386914513,0.000114673666708888,5.13851620809311e-05,1.01786678034854e-05,3.26389845905519e-06,-2.19290537186411e-06
4,"Prm3",-0.00893906315503311,-0.0101183799047008,0.000497173804215431,1.01786678034854e-05,0.0168830501498744,-0.000743771868414159,-3.15200394797449e-06
4,"Prm4",0.000142260774947219,6.84013762227947e-05,-8.92524597197257e-05,3.26389845905519e-06,-0.000743771868414159,0.000107977762897896,2.65001244014178e-07
4,"Prm5",0.000128725535701654,0.000153910765487135,-1.31561640421478e-05,-2.19290537186411e-06,-3.15200394797449e-06,2.65001244014178e-07,2.67263878508116e-07
5,"Prm6",0.186716481327626,0.200835495062976,-0.00558621563655829,-0.00282663460240496,-0.00355003509789863,-0.000367148782107769,0.000107408492800011
5,"Prm7",0.200835495062976,0.229292058934197,-0.00637833563178662,-0.00299680621036257,-0.0040539699006898,-0.000448075353021174,0.000121868700936735
5,"Prm1",-0.00558621563655829,-0.00637833563178662,0.000597804742381865,9.16047614610665e-05,0.000520916745590788,-4.59099473182573e-05,-1.05045145957094e-05
5,"Prm2",-0.00282663460240496,-0.00299680621036257,9.16047614610665e-05,4.74450120944029e-05,-2.18083448961248e-05,8.41637782189407e-06,-1.90311609815197e-06
5,"Prm3",-0.00355003509789863,-0.0040539699006898,0.000520916745590788,-2.18083448961248e-05,0.0116338963642254,-0.000633742317264435,-2.94421211355603e-06
5,"Prm4",-0.000367148782107769,-0.000448075353021174,-4.59099473182573e-05,8.41637782189407e-06,-0.000633742317264435,0.000105330508106473,-5.08686563718988e-07
5,"Prm5",0.000107408492800011,0.000121868700936735,-1.05045145957094e-05,-1.90311609815197e-06,-2.94421211355603e-06,-5.08686563718988e-07,2.31441379224945e-07
6,"Prm6",0.222467814676032,0.239681398240922,-0.00756244846092767,-0.00331346838150423,-0.00329559104261617,-0.000122427105350684,0.00013408014195753
6,"Prm7",0.239681398240922,0.275553058992204,-0.00890886165484621,-0.00353103710904224,-0.00571436280864968,-0.000206283185271509,0.000161187915798957
6,"Prm1",-0.00756244846092767,-0.00890886165484621,0.000762375432479998,0.000117996717085957,0.000476412339862804,-6.54915923676272e-05,-1.31135469005813e-05
6,"Prm2",-0.00331346838150423,-0.00353103710904224,0.000117996717085957,5.44580678202921e-05,-5.65910675596416e-05,6.20218620019854e-06,-2.27281834452912e-06
6,"Prm3",-0.00329559104261617,-0.00571436280864968,0.000476412339862804,-5.65910675596416e-05,0.0152248233488447,-0.000649184704209645,-3.45585300090399e-06
6,"Prm4",-0.000122427105350684,-0.000206283185271509,-6.54915923676272e-05,6.20218620019854e-06,-0.000649184704209645,8.99087216454892e-05,1.65327330155458e-08
6,"Prm5",0.00013408014195753,0.000161187915798957,-1.31135469005813e-05,-2.27281834452912e-06,-3.45585300090399e-06,1.65327330155458e-08,2.75061757212372e-07
7,"Prm6",0.203335507242264,0.219918723048998,-0.00686292536408816,-0.00306053687044189,-0.00321724630540942,-0.000148711645062428,0.000125949231502357
7,"Prm7",0.219918723048998,0.256038516917672,-0.00820984177487658,-0.00327595719504035,-0.00630088150523623,-0.000185640124833019,0.000154566758927273
7,"Prm1",-0.00686292536408816,-0.00820984177487658,0.00067449627010799,0.000108942354726441,0.0005645241219114,-5.39944858413125e-05,-1.19051634935359e-05
7,"Prm2",-0.00306053687044189,-0.00327595719504035,0.000108942354726441,5.10216875404849e-05,-5.7957176242012e-05,8.75093843873584e-06,-2.18458542972034e-06
7,"Prm3",-0.00321724630540942,-0.00630088150523623,0.0005645241219114,-5.7957176242012e-05,0.0153603143089698,-0.00083714150380478,-3.44062397957002e-06
7,"Prm4",-0.000148711645062428,-0.000185640124833019,-5.39944858413125e-05,8.75093843873584e-06,-0.00083714150380478,0.000114654262100096,-4.16505305526816e-07
7,"Prm5",0.000125949231502357,0.000154566758927273,-1.19051634935359e-05,-2.18458542972034e-06,-3.44062397957002e-06,-4.16505305526816e-07,2.58540550949259e-07
8,"Prm6",0.196717226769045,0.208956676291745,-0.00657858775303022,-0.00294758031686038,-0.00432011556798948,-0.000253386755159892,0.000118421342061949
8,"Prm7",0.208956676291745,0.240818728728241,-0.00775588159334272,-0.00310497457057985,-0.00483915934859328,-0.000463125821161862,0.000144826988446082
8,"Prm1",-0.00657858775303022,-0.00775588159334272,0.000693131231955837,0.000104313670017898,0.000632697278599812,-4.89174503847214e-05,-1.21041021909006e-05
8,"Prm2",-0.00294758031686038,-0.00310497457057985,0.000104313670017898,4.91222032258318e-05,-4.15922773792392e-05,8.6783110515884e-06,-2.07634486560901e-06
8,"Prm3",-0.00432011556798948,-0.00483915934859328,0.000632697278599812,-4.15922773792392e-05,0.0152313806605661,-0.000773204181358772,-2.36259683065994e-06
8,"Prm4",-0.000253386755159892,-0.000463125821161862,-4.89174503847214e-05,8.6783110515884e-06,-0.000773204181358772,0.000113310151202615,-6.6849893034957e-07
8,"Prm5",0.000118421342061949,0.000144826988446082,-1.21041021909006e-05,-2.07634486560901e-06,-2.36259683065994e-06,-6.6849893034957e-07,2.66831290407154e-07
9,"Prm6",0.196219635001139,0.20825476288474,-0.00611779001885491,-0.00290181507052316,-0.00810498349300218,0.000131290810809119,0.00011180895358526
9,"Prm7",0.20825476288474,0.239525238180192,-0.00724922011091102,-0.00303676258020799,-0.00886498887215799,5.228270796201e-05,0.00013337769476785
9,"Prm1",-0.00611779001885491,-0.00724922011091102,0.000665899741190066,9.53154883816298e-05,0.000755212674998176,-6.58627615707349e-05,-1.15830278741559e-05
9,"Prm2",-0.00290181507052316,-0.00303676258020799,9.53154883816298e-05,4.83258345645774e-05,-1.40288382908344e-05,5.06297898601035e-06,-1.94436891872754e-06
9,"Prm3",-0.00810498349300218,-0.00886498887215799,0.000755212674998176,-1.40288382908344e-05,0.0177099761705099,-0.00090385561220877,-4.73793438568756e-06
9,"Prm4",0.000131290810809119,5.228270796201e-05,-6.58627615707349e-05,5.06297898601035e-06,-0.00090385561220877,0.000104486234603647,-1.65443627180294e-07
9,"Prm5",0.00011180895358526,0.00013337769476785,-1.15830278741559e-05,-1.94436891872754e-06,-4.73793438568756e-06,-1.65443627180294e-07,2.5139518280739e-07
10,"Prm6",0.221021519557722,0.236501841944468,-0.00761167038245713,-0.0032671193952934,-0.00625407177340512,0.000164386186727542,0.000131903407994681
10,"Prm7",0.236501841944468,0.273640936844281,-0.00894257048520053,-0.00343208419353682,-0.0095266538740866,0.000254454621011983,0.000158246235415
10,"Prm1",-0.00761167038245713,-0.00894257048520053,0.000793058641795037,0.000116705509874827,0.000800452287724968,-9.27644352785907e-05,-1.3302571450352e-05
10,"Prm2",-0.0032671193952934,-0.00343208419353682,0.000116705509874827,5.35762114883103e-05,-2.61435629333507e-05,5.18388195184271e-06,-2.24469893731311e-06
10,"Prm3",-0.00625407177340512,-0.0095266538740866,0.000800452287724968,-2.61435629333507e-05,0.0163801741818668,-0.000881624132328782,-5.57298036465058e-06
10,"Prm4",0.000164386186727542,0.000254454621011983,-9.27644352785907e-05,5.18388195184271e-06,-0.000881624132328782,0.000116724178139716,1.64070020603822e-07
10,"Prm5",0.000131903407994681,0.000158246235415,-1.3302571450352e-05,-2.24469893731311e-06,-5.57298036465058e-06,1.64070020603822e-07,2.75613850668558e-07
